9.588235294117647411e-01
9.963235294117647189e-01
9.977941176470588314e-01
9.985294117647058876e-01
9.974264705882353033e-01
9.992647058823529438e-01
9.988970588235294157e-01
9.996323529411764719e-01
9.981617647058823595e-01
9.992647058823529438e-01
9.992647058823529438e-01
1.000000000000000000e+00
1.000000000000000000e+00
1.000000000000000000e+00
1.000000000000000000e+00
1.000000000000000000e+00
1.000000000000000000e+00
1.000000000000000000e+00
1.000000000000000000e+00
1.000000000000000000e+00
1.000000000000000000e+00
1.000000000000000000e+00
1.000000000000000000e+00
1.000000000000000000e+00
1.000000000000000000e+00
1.000000000000000000e+00
1.000000000000000000e+00
1.000000000000000000e+00
